% function evaluation | noise-free fitness - Fopt (7.948000000000e+01) | best noise-free fitness - Fopt | measured fitness | best measured fitness | x1 | x2...
1 +3.306784511e+01 +3.306784511e+01 +1.125478451e+02 +1.125478451e+02 +2.2669e+00 +4.2294e+00
13 +1.020672158e+01 +1.020672158e+01 +8.968672158e+01 +8.968672158e+01 +4.9661e-01 -4.3423e+00
15 +1.336103783e+00 +1.336103783e+00 +8.081610378e+01 +8.081610378e+01 -7.6351e-01 -1.7074e+00
17 +9.496990446e-01 +9.496990446e-01 +8.042969904e+01 +8.042969904e+01 -6.3818e-01 -1.5516e+00
20 +5.200919376e-01 +5.200919376e-01 +8.000009194e+01 +8.000009194e+01 -4.5017e-01 -1.3178e+00
771 +3.822907786e-01 +3.822907786e-01 +7.986229078e+01 +7.986229078e+01 -3.6448e-01 -1.1213e+00
949 +2.252241796e-01 +2.252241796e-01 +7.970522418e+01 +7.970522418e+01 -2.1231e-01 -1.2511e+00
951 +1.481575806e-01 +1.481575806e-01 +7.962815758e+01 +7.962815758e+01 -6.0143e-02 -1.3809e+00
1741 +7.757021491e-02 +7.757021491e-02 +7.955757021e+01 +7.955757021e+01 +1.3124e-03 -1.2765e+00
1742 +5.743849483e-02 +5.743849483e-02 +7.953743849e+01 +7.953743849e+01 +1.4015e-02 -1.1773e+00
2192 +2.233374136e-02 +2.233374136e-02 +7.950233374e+01 +7.950233374e+01 +1.2837e-01 -1.2396e+00
2408 +9.623807003e-03 +9.623807003e-03 +7.948962381e+01 +7.948962381e+01 +3.2847e-01 -1.0944e+00
3125 +4.740083677e-03 +4.740083677e-03 +7.948474008e+01 +7.948474008e+01 +3.0519e-01 -1.2015e+00
3126 +9.886924282e-04 +9.886924282e-04 +7.948098869e+01 +7.948098869e+01 +2.3254e-01 -1.1328e+00
4157 +4.874602028e-04 +4.874602028e-04 +7.948048746e+01 +7.948048746e+01 +2.7487e-01 -1.1575e+00
6138 +1.559819643e-04 +1.559819643e-04 +7.948015598e+01 +7.948015598e+01 +2.4249e-01 -1.1498e+00
7137 +9.589336995e-05 +9.589336995e-05 +7.948009589e+01 +7.948009589e+01 +2.5088e-01 -1.1472e+00
10278 +7.928226168e-06 +7.928226168e-06 +7.948000793e+01 +7.948000793e+01 +2.5561e-01 -1.1570e+00
21653 +9.926294808e-08 +9.926294808e-08 +7.948000010e+01 +7.948000010e+01 +2.5249e-01 -1.1568e+00
% function evaluation | noise-free fitness - Fopt (7.948000000000e+01) | best noise-free fitness - Fopt | measured fitness | best measured fitness | x1 | x2...
1 +1.890916756e+01 +1.890916756e+01 +9.838916756e+01 +9.838916756e+01 -3.3081e+00 -3.6526e+00
6 +1.557748336e+01 +1.557748336e+01 +9.505748336e+01 +9.505748336e+01 -3.1336e+00 -3.1841e+00
7 +7.713862649e-01 +7.713862649e-01 +8.025138626e+01 +8.025138626e+01 +7.6516e-01 -4.4345e-01
41 +9.533552443e-02 +9.533552443e-02 +7.957533552e+01 +7.957533552e+01 +3.1398e-01 -1.4594e+00
984 +4.026705870e-02 +4.026705870e-02 +7.952026706e+01 +7.952026706e+01 +3.5261e-01 -9.8272e-01
985 +1.339257756e-02 +1.339257756e-02 +7.949339258e+01 +7.949339258e+01 +3.4115e-01 -1.0821e+00
1025 +5.554447343e-03 +5.554447343e-03 +7.948555445e+01 +7.948555445e+01 +2.6512e-01 -1.2303e+00
1026 +1.286460124e-03 +1.286460124e-03 +7.948128646e+01 +7.948128646e+01 +2.2076e-01 -1.1407e+00
1396 +7.907415676e-04 +7.907415676e-04 +7.948079074e+01 +7.948079074e+01 +2.3035e-01 -1.1399e+00
3428 +1.019927693e-04 +1.019927693e-04 +7.948010199e+01 +7.948010199e+01 +2.4284e-01 -1.1551e+00
8060 +9.302566541e-05 +9.302566541e-05 +7.948009303e+01 +7.948009303e+01 +2.4483e-01 -1.1514e+00
8899 +3.784052022e-05 +3.784052022e-05 +7.948003784e+01 +7.948003784e+01 +2.5895e-01 -1.1569e+00
11536 +1.977704687e-05 +1.977704687e-05 +7.948001978e+01 +7.948001978e+01 +2.5205e-01 -1.1612e+00
15459 +1.221340621e-05 +1.221340621e-05 +7.948001221e+01 +7.948001221e+01 +2.5629e-01 -1.1570e+00
17968 +1.782193237e-07 +1.782193237e-07 +7.948000018e+01 +7.948000018e+01 +2.5308e-01 -1.1565e+00
89142 +1.329724881e-07 +1.329724881e-07 +7.948000013e+01 +7.948000013e+01 +2.5306e-01 -1.1571e+00
% function evaluation | noise-free fitness - Fopt (7.948000000000e+01) | best noise-free fitness - Fopt | measured fitness | best measured fitness | x1 | x2...
1 +5.949904376e+01 +5.949904376e+01 +1.389790438e+02 +1.389790438e+02 +3.7275e+00 +5.7298e+00
7 +3.138280567e+01 +3.138280567e+01 +1.108628057e+02 +1.108628057e+02 +4.4717e+00 +2.5288e+00
16 +2.495233512e+01 +2.495233512e+01 +1.044323351e+02 +1.044323351e+02 +1.3819e-01 +3.8371e+00
51 +6.251604202e+00 +6.251604202e+00 +8.573160420e+01 +8.573160420e+01 +3.5767e-01 +1.3413e+00
454 +3.948227530e+00 +3.948227530e+00 +8.342822753e+01 +8.342822753e+01 +7.1588e-01 +7.7550e-01
528 +2.509900182e+00 +2.509900182e+00 +8.198990018e+01 +8.198990018e+01 +1.3783e+00 -4.1803e-02
1882 +1.509542413e+00 +1.509542413e+00 +8.098954241e+01 +8.098954241e+01 +1.4447e+00 -8.5848e-01
1885 +8.654800290e-01 +8.654800290e-01 +8.034548003e+01 +8.034548003e+01 +1.1482e+00 -9.0427e-01
2493 +5.807476330e-01 +5.807476330e-01 +8.006074763e+01 +8.006074763e+01 +9.5325e-01 -8.5660e-01
2495 +3.650513947e-01 +3.650513947e-01 +7.984505139e+01 +7.984505139e+01 +7.5616e-01 -8.2261e-01
2699 +1.745504647e-01 +1.745504647e-01 +7.965455046e+01 +7.965455046e+01 +4.2771e-01 -7.7738e-01
3138 +1.352612988e-01 +1.352612988e-01 +7.961526130e+01 +7.961526130e+01 +5.2262e-01 -9.0688e-01
3139 +7.632160571e-02 +7.632160571e-02 +7.955632161e+01 +7.955632161e+01 +4.7755e-01 -9.9615e-01
3342 +3.133473919e-02 +3.133473919e-02 +7.951133474e+01 +7.951133474e+01 +4.0229e-01 -1.0620e+00
3343 +6.347872680e-03 +6.347872680e-03 +7.948634787e+01 +7.948634787e+01 +3.2702e-01 -1.1278e+00
3344 +1.361006168e-03 +1.361006168e-03 +7.948136101e+01 +7.948136101e+01 +2.5176e-01 -1.1937e+00
5541 +2.645154000e-04 +2.645154000e-04 +7.948026452e+01 +7.948026452e+01 +2.5700e-01 -1.1411e+00
9474 +7.710148937e-05 +7.710148937e-05 +7.948007710e+01 +7.948007710e+01 +2.4545e-01 -1.1616e+00
16737 +5.248373928e-05 +5.248373928e-05 +7.948005248e+01 +7.948005248e+01 +2.5918e-01 -1.1534e+00
18542 +9.199669776e-06 +9.199669776e-06 +7.948000920e+01 +7.948000920e+01 +2.5097e-01 -1.1592e+00
% function evaluation | noise-free fitness - Fopt (7.948000000000e+01) | best noise-free fitness - Fopt | measured fitness | best measured fitness | x1 | x2...
1 +1.197297506e+02 +1.197297506e+02 +1.992097506e+02 +1.992097506e+02 +6.0936e+00 +8.0961e+00
13 +1.453794573e+01 +1.453794573e+01 +9.401794573e+01 +9.401794573e+01 +1.3096e+00 +2.5067e+00
228 +9.729517440e+00 +9.729517440e+00 +8.920951744e+01 +8.920951744e+01 +1.4368e+00 +1.7290e+00
997 +6.290307514e+00 +6.290307514e+00 +8.577030751e+01 +8.577030751e+01 +1.1917e+00 +1.1689e+00
1626 +3.967203851e+00 +3.967203851e+00 +8.344720385e+01 +8.344720385e+01 +8.7758e-01 +7.3446e-01
1842 +2.429276435e+00 +2.429276435e+00 +8.190927644e+01 +8.190927644e+01 +6.9757e-01 +3.3701e-01
2440 +1.537122255e+00 +1.537122255e+00 +8.101712226e+01 +8.101712226e+01 -5.5180e-02 +4.4146e-02
2443 +9.674251296e-01 +9.674251296e-01 +8.044742513e+01 +8.044742513e+01 -1.2338e-01 -2.4800e-01
2843 +5.255754129e-01 +5.255754129e-01 +8.000557541e+01 +8.000557541e+01 -2.8373e-01 -6.6924e-01
2845 +3.624913021e-01 +3.624913021e-01 +7.984249130e+01 +7.984249130e+01 -8.4055e-02 -6.5778e-01
3611 +2.382332021e-01 +2.382332021e-01 +7.971823320e+01 +7.971823320e+01 +1.0359e-01 -6.9207e-01
3613 +1.202448093e-01 +1.202448093e-01 +7.960024481e+01 +7.960024481e+01 +4.1190e-02 -8.8209e-01
3614 +9.125061283e-02 +9.125061283e-02 +7.957125061e+01 +7.957125061e+01 +9.9882e-03 -9.7710e-01
4031 +3.167458005e-02 +3.167458005e-02 +7.951167458e+01 +7.951167458e+01 +8.6658e-02 -1.0930e+00
4032 +6.327135893e-03 +6.327135893e-03 +7.948632714e+01 +7.948632714e+01 +1.7514e-01 -1.1396e+00
4033 +9.796917317e-04 +9.796917317e-04 +7.948097969e+01 +7.948097969e+01 +2.6363e-01 -1.1862e+00
12280 +4.239090632e-04 +4.239090632e-04 +7.948042391e+01 +7.948042391e+01 +2.3796e-01 -1.1711e+00
20020 +6.011328119e-05 +6.011328119e-05 +7.948006011e+01 +7.948006011e+01 +2.5646e-01 -1.1636e+00
21904 +1.276039976e-05 +1.276039976e-05 +7.948001276e+01 +7.948001276e+01 +2.5621e-01 -1.1557e+00
25924 +2.368154810e-07 +2.368154810e-07 +7.948000024e+01 +7.948000024e+01 +2.5281e-01 -1.1563e+00
% function evaluation | noise-free fitness - Fopt (3.944800000000e+02) | best noise-free fitness - Fopt | measured fitness | best measured fitness | x1 | x2...
1 +4.118305969e+02 +4.118305969e+02 +8.063105969e+02 +8.063105969e+02 -1.3982e+01 -2.0501e+01
9 +2.478785452e+02 +2.478785452e+02 +6.423585452e+02 +6.423585452e+02 -5.7801e+00 -1.8522e+01
15 +1.133895025e+02 +1.133895025e+02 +5.078695025e+02 +5.078695025e+02 +6.2341e+00 +3.8411e-01
47 +8.598915608e+01 +8.598915608e+01 +4.804691561e+02 +4.804691561e+02 -1.1504e+01 +2.4148e+00
67 +5.870950390e+00 +5.870950390e+00 +4.003509504e+02 +4.003509504e+02 -1.5080e+00 -2.4940e+00
72 +3.703612300e+00 +3.703612300e+00 +3.981836123e+02 +3.981836123e+02 -1.9946e+00 -2.6093e+00
692 +2.497116796e+00 +2.497116796e+00 +3.969771168e+02 +3.969771168e+02 -2.3185e+00 -2.8560e+00
1119 +1.575638209e+00 +1.575638209e+00 +3.960556382e+02 +3.960556382e+02 -2.6456e+00 -2.8121e+00
1515 +9.184773116e-01 +9.184773116e-01 +3.953984773e+02 +3.953984773e+02 -3.0100e+00 -2.5309e+00
2560 +5.359324127e-01 +5.359324127e-01 +3.950159324e+02 +3.950159324e+02 -3.1718e+00 -2.8014e+00
2562 +3.689877309e-01 +3.689877309e-01 +3.948489877e+02 +3.948489877e+02 -3.2949e+00 -2.9591e+00
5801 +1.905715178e-01 +1.905715178e-01 +3.946705715e+02 +3.946705715e+02 -3.5535e+00 -2.6228e+00
5802 +1.199834380e-01 +1.199834380e-01 +3.945999834e+02 +3.945999834e+02 -3.6500e+00 -2.6490e+00
5803 +6.939535827e-02 +6.939535827e-02 +3.945493954e+02 +3.945493954e+02 -3.7465e+00 -2.6752e+00
5804 +3.880727851e-02 +3.880727851e-02 +3.945188073e+02 +3.945188073e+02 -3.8430e+00 -2.7014e+00
10781 +7.942359665e-03 +7.942359665e-03 +3.944879424e+02 +3.944879424e+02 -3.8175e+00 -2.8530e+00
10972 +2.465995485e-04 +2.465995485e-04 +3.944802466e+02 +3.944802466e+02 -3.8867e+00 -2.8800e+00
24073 +2.143804255e-05 +2.143804255e-05 +3.944800214e+02 +3.944800214e+02 -3.8978e+00 -2.8950e+00
46762 +2.360979238e-06 +2.360979238e-06 +3.944800024e+02 +3.944800024e+02 -3.8979e+00 -2.8919e+00
88131 +3.553911938e-07 +3.553911938e-07 +3.944800004e+02 +3.944800004e+02 -3.8980e+00 -2.8908e+00
% function evaluation | noise-free fitness - Fopt (-2.471100000000e+02) | best noise-free fitness - Fopt | measured fitness | best measured fitness | x1 | x2...
1 +2.123435144e+02 +2.123435144e+02 -3.476648558e+01 -3.476648558e+01 +1.0734e+01 +1.2808e+00
41 +3.258690724e+01 +3.258690724e+01 -2.145230928e+02 -2.145230928e+02 +2.5205e-01 -3.8193e+00
71 +1.167948257e+01 +1.167948257e+01 -2.354305174e+02 -2.354305174e+02 -3.7825e+00 -3.2143e+00
76 +9.743132252e+00 +9.743132252e+00 -2.373668677e+02 -2.373668677e+02 -3.3997e+00 -2.8926e+00
147 +1.695904789e+00 +1.695904789e+00 -2.454140952e+02 -2.454140952e+02 -4.0139e+00 -1.0811e+00
150 +1.559847055e+00 +1.559847055e+00 -2.455501529e+02 -2.455501529e+02 -4.2828e+00 -9.4798e-01
3163 +9.873462998e-01 +9.873462998e-01 -2.461226537e+02 -2.461226537e+02 -3.9443e+00 -7.7968e-01
4625 +6.098152712e-01 +6.098152712e-01 -2.465001847e+02 -2.465001847e+02 -4.3010e+00 -3.9444e-01
5295 +3.968143569e-01 +3.968143569e-01 -2.467131856e+02 -2.467131856e+02 -3.1697e+00 +2.4181e-01
5539 +1.981884886e-01 +1.981884886e-01 -2.469118115e+02 -2.469118115e+02 -3.7180e+00 -2.3466e-01
5933 +1.447083759e-01 +1.447083759e-01 -2.469652916e+02 -2.469652916e+02 -3.4978e+00 -2.9882e-02
6202 +6.966231389e-02 +6.966231389e-02 -2.470403377e+02 -2.470403377e+02 -3.5402e+00 +1.4835e-01
6203 +3.812645869e-02 +3.812645869e-02 -2.470718735e+02 -2.470718735e+02 -3.6044e+00 +2.2507e-01
7080 +8.317124307e-03 +8.317124307e-03 -2.471016829e+02 -2.471016829e+02 -3.7449e+00 +1.2935e-01
7991 +7.646989648e-04 +7.646989648e-04 -2.471092353e+02 -2.471092353e+02 -3.8244e+00 +2.1253e-01
8166 +5.343508326e-05 +5.343508326e-05 -2.471099466e+02 -2.471099466e+02 -3.7997e+00 +2.1040e-01
15692 +4.022967829e-06 +4.022967829e-06 -2.471099960e+02 -2.471099960e+02 -3.8004e+00 +2.0341e-01
46236 +1.979821519e-06 +1.979821519e-06 -2.471099980e+02 -2.471099980e+02 -3.7994e+00 +2.0224e-01
92942 +1.563784991e-06 +1.563784991e-06 -2.471099984e+02 -2.471099984e+02 -3.7972e+00 +2.0300e-01
113506 +9.974598640e-07 +9.974598640e-07 -2.471099990e+02 -2.471099990e+02 -3.7975e+00 +2.0272e-01
% function evaluation | noise-free fitness - Fopt (7.948000000000e+01) | best noise-free fitness - Fopt | measured fitness | best measured fitness | x1 | x2...
1 +1.074833287e+02 +1.074833287e+02 +1.869633287e+02 +1.869633287e+02 -1.0043e+01 -2.3755e+00
15 +9.026277678e+01 +9.026277678e+01 +1.697427768e+02 +1.697427768e+02 +9.1103e+00 -4.5929e+00
29 +4.511783294e+01 +4.511783294e+01 +1.245978329e+02 +1.245978329e+02 +1.1617e+00 -7.8120e+00
47 +1.187847372e+01 +1.187847372e+01 +9.135847372e+01 +9.135847372e+01 +3.5872e+00 -2.8485e-01
69 +1.063314462e-01 +1.063314462e-01 +7.958633145e+01 +7.958633145e+01 -1.6505e-02 -9.7293e-01
254 +7.505793203e-02 +7.505793203e-02 +7.955505793e+01 +7.955505793e+01 +1.2929e-01 -9.1225e-01
255 +4.835871015e-02 +4.835871015e-02 +7.952835871e+01 +7.952835871e+01 +2.2577e-01 -9.3856e-01
457 +1.855513237e-02 +1.855513237e-02 +7.949855513e+01 +7.949855513e+01 +3.5878e-01 -1.0712e+00
458 +2.149998349e-03 +2.149998349e-03 +7.948215000e+01 +7.948215000e+01 +2.9884e-01 -1.1513e+00
6078 +1.159980885e-03 +1.159980885e-03 +7.948115998e+01 +7.948115998e+01 +2.1876e-01 -1.1558e+00
9171 +2.438382512e-04 +2.438382512e-04 +7.948024384e+01 +7.948024384e+01 +2.6791e-01 -1.1529e+00
19269 +1.352210182e-04 +1.352210182e-04 +7.948013522e+01 +7.948013522e+01 +2.5877e-01 -1.1668e+00
19995 +7.192964091e-06 +7.192964091e-06 +7.948000719e+01 +7.948000719e+01 +2.5012e-01 -1.1568e+00
27339 +4.474644712e-06 +4.474644712e-06 +7.948000447e+01 +7.948000447e+01 +2.5434e-01 -1.1582e+00
45281 +2.781571993e-06 +2.781571993e-06 +7.948000278e+01 +7.948000278e+01 +2.5344e-01 -1.1583e+00
% function evaluation | noise-free fitness - Fopt (7.948000000000e+01) | best noise-free fitness - Fopt | measured fitness | best measured fitness | x1 | x2...
1 +7.137268606e+02 +7.137268606e+02 +7.932068606e+02 +7.932068606e+02 +2.2624e+01 -1.5760e+01
7 +5.406623043e+02 +5.406623043e+02 +6.201423043e+02 +6.201423043e+02 -1.7144e+01 +1.4271e+01
9 +1.056883708e+01 +1.056883708e+01 +9.004883708e+01 +9.004883708e+01 +1.6345e+00 +1.7859e+00
199 +9.698863240e+00 +9.698863240e+00 +8.917886324e+01 +8.917886324e+01 +1.5774e+00 +1.6618e+00
1371 +5.975648787e+00 +5.975648787e+00 +8.545564879e+01 +8.545564879e+01 +1.8323e+00 +7.0893e-01
1787 +3.908415422e+00 +3.908415422e+00 +8.338841542e+01 +8.338841542e+01 +1.5652e+00 +3.2174e-01
1986 +2.497004130e+00 +2.497004130e+00 +8.197700413e+01 +8.197700413e+01 +9.9163e-01 +2.4003e-01
2399 +1.458104426e+00 +1.458104426e+00 +8.093810443e+01 +8.093810443e+01 +1.1406e+00 -3.3835e-01
2402 +8.338728914e-01 +8.338728914e-01 +8.031387289e+01 +8.031387289e+01 +9.5732e-01 -5.7583e-01
2824 +5.062577179e-01 +5.062577179e-01 +7.998625772e+01 +7.998625772e+01 +9.5309e-01 -1.0309e+00
2825 +3.954809278e-01 +3.954809278e-01 +7.987548093e+01 +7.987548093e+01 +8.6019e-01 -9.9385e-01
2827 +2.339273476e-01 +2.339273476e-01 +7.971392735e+01 +7.971392735e+01 +6.7441e-01 -9.1979e-01
3433 +1.186284191e-01 +1.186284191e-01 +7.959862842e+01 +7.959862842e+01 +5.6127e-01 -1.0036e+00
3434 +8.701533154e-02 +8.701533154e-02 +7.956701533e+01 +7.956701533e+01 +5.4262e-01 -1.1018e+00
3629 +3.597472413e-02 +3.597472413e-02 +7.951597472e+01 +7.951597472e+01 +4.4196e-01 -1.1428e+00
3630 +1.654720422e-02 +1.654720422e-02 +7.949654720e+01 +7.949654720e+01 +3.5995e-01 -1.0856e+00
3831 +8.820855230e-03 +8.820855230e-03 +7.948882086e+01 +7.948882086e+01 +1.9435e-01 -1.0833e+00
5146 +4.976144751e-03 +4.976144751e-03 +7.948497614e+01 +7.948497614e+01 +1.8262e-01 -1.1639e+00
8038 +2.352351134e-03 +2.352351134e-03 +7.948235235e+01 +7.948235235e+01 +3.0066e-01 -1.1647e+00
8814 +1.005916115e-03 +1.005916115e-03 +7.948100592e+01 +7.948100592e+01 +2.7830e-01 -1.1757e+00
13427 +6.141243085e-04 +6.141243085e-04 +7.948061412e+01 +7.948061412e+01 +2.4072e-01 -1.1352e+00
15169 +3.851984433e-04 +3.851984433e-04 +7.948038520e+01 +7.948038520e+01 +2.6601e-01 -1.1423e+00
15575 +8.714131008e-05 +8.714131008e-05 +7.948008714e+01 +7.948008714e+01 +2.5518e-01 -1.1658e+00
22696 +3.031949728e-05 +3.031949728e-05 +7.948003032e+01 +7.948003032e+01 +2.5742e-01 -1.1598e+00
26391 +1.162931098e-05 +1.162931098e-05 +7.948001163e+01 +7.948001163e+01 +2.5606e-01 -1.1558e+00
42499 +6.313194575e-06 +6.313194575e-06 +7.948000631e+01 +7.948000631e+01 +2.5201e-01 -1.1592e+00
44027 +2.529961961e-06 +2.529961961e-06 +7.948000253e+01 +7.948000253e+01 +2.5253e-01 -1.1584e+00
85611 +8.316576157e-07 +8.316576157e-07 +7.948000083e+01 +7.948000083e+01 +2.5204e-01 -1.1573e+00
% function evaluation | noise-free fitness - Fopt (3.944800000000e+02) | best noise-free fitness - Fopt | measured fitness | best measured fitness | x1 | x2...
1 +2.879857247e+02 +2.879857247e+02 +6.824657247e+02 +6.824657247e+02 -1.1137e+01 +1.2458e+01
21 +4.852456062e+01 +4.852456062e+01 +4.430045606e+02 +4.430045606e+02 -4.6301e+00 -9.8178e+00
811 +3.872021007e+01 +3.872021007e+01 +4.332002101e+02 +4.332002101e+02 -4.3888e+00 -9.0936e+00
1817 +2.464625834e+01 +2.464625834e+01 +4.191262583e+02 +4.191262583e+02 -4.1324e+00 -7.8494e+00
2785 +1.534688624e+01 +1.534688624e+01 +4.098268862e+02 +4.098268862e+02 -4.1764e+00 -6.7980e+00
4170 +9.655056505e+00 +9.655056505e+00 +4.041350565e+02 +4.041350565e+02 -5.2315e+00 -5.6971e+00
5551 +6.184444997e+00 +6.184444997e+00 +4.006644450e+02 +4.006644450e+02 -4.5560e+00 -5.2887e+00
5949 +3.726934439e+00 +3.726934439e+00 +3.982069344e+02 +3.982069344e+02 -4.7307e+00 -4.6323e+00
6168 +2.507128246e+00 +2.507128246e+00 +3.969871282e+02 +3.969871282e+02 -4.5619e+00 -4.3281e+00
6540 +1.469877943e+00 +1.469877943e+00 +3.959498779e+02 +3.959498779e+02 -4.5146e+00 -3.9345e+00
7144 +8.673761419e-01 +8.673761419e-01 +3.953473761e+02 +3.953473761e+02 -4.4688e+00 -3.6266e+00
7146 +6.166119425e-01 +6.166119425e-01 +3.950966119e+02 +3.950966119e+02 -4.4721e+00 -3.4266e+00
7354 +3.731164457e-01 +3.731164457e-01 +3.948531164e+02 +3.948531164e+02 -4.3990e+00 -3.2404e+00
7356 +2.096209488e-01 +2.096209488e-01 +3.946896209e+02 +3.946896209e+02 -4.3259e+00 -3.0543e+00
7357 +1.578732004e-01 +1.578732004e-01 +3.946378732e+02 +3.946378732e+02 -4.2894e+00 -2.9612e+00
7708 +7.288339861e-02 +7.288339861e-02 +3.945528834e+02 +3.945528834e+02 -4.1554e+00 -2.8077e+00
7709 +4.035610458e-02 +4.035610458e-02 +3.945203561e+02 +3.945203561e+02 -4.0616e+00 -2.7732e+00
7710 +2.782881055e-02 +2.782881055e-02 +3.945078288e+02 +3.945078288e+02 -3.9677e+00 -2.7387e+00
8529 +2.357316630e-02 +2.357316630e-02 +3.945035732e+02 +3.945035732e+02 -3.8512e+00 -2.7443e+00
8530 +3.336593561e-03 +3.336593561e-03 +3.944833366e+02 +3.944833366e+02 -3.8649e+00 -2.8434e+00
12989 +1.247934090e-03 +1.247934090e-03 +3.944812479e+02 +3.944812479e+02 -3.8763e+00 -2.9180e+00
13658 +5.076609349e-04 +5.076609349e-04 +3.944805077e+02 +3.944805077e+02 -3.9206e+00 -2.8940e+00
16427 +2.648998444e-04 +2.648998444e-04 +3.944802649e+02 +3.944802649e+02 -3.8948e+00 -2.9063e+00
19785 +1.083743148e-04 +1.083743148e-04 +3.944801084e+02 +3.944801084e+02 -3.9045e+00 -2.8820e+00
22396 +3.600863727e-05 +3.600863727e-05 +3.944800360e+02 +3.944800360e+02 -3.8924e+00 -2.8898e+00
25553 +2.110285470e-05 +2.110285470e-05 +3.944800211e+02 +3.944800211e+02 -3.8951e+00 -2.8872e+00
30878 +6.372829546e-06 +6.372829546e-06 +3.944800064e+02 +3.944800064e+02 -3.8988e+00 -2.8879e+00
66776 +1.126728876e-06 +1.126728876e-06 +3.944800011e+02 +3.944800011e+02 -3.8974e+00 -2.8907e+00
% function evaluation | noise-free fitness - Fopt (-2.471100000000e+02) | best noise-free fitness - Fopt | measured fitness | best measured fitness | x1 | x2...
1 +2.417280101e+02 +2.417280101e+02 -5.381989887e+00 -5.381989887e+00 +6.6270e+00 -1.1331e+01
15 +4.884961545e+01 +4.884961545e+01 -1.982603846e+02 -1.982603846e+02 -9.5572e+00 +4.1637e+00
85 +2.156479683e+01 +2.156479683e+01 -2.255452032e+02 -2.255452032e+02 -4.9409e+00 +4.7043e+00
1098 +1.549454937e+01 +1.549454937e+01 -2.316154506e+02 -2.316154506e+02 -4.4987e+00 +4.0767e+00
2293 +9.589570329e+00 +9.589570329e+00 -2.375204297e+02 -2.375204297e+02 -3.8866e+00 +3.2986e+00
3130 +6.030446915e+00 +6.030446915e+00 -2.410795531e+02 -2.410795531e+02 -4.4907e+00 +2.5593e+00
3741 +3.845865635e+00 +3.845865635e+00 -2.432641344e+02 -2.432641344e+02 -4.6422e+00 +1.9735e+00
5559 +2.508068903e+00 +2.508068903e+00 -2.446019311e+02 -2.446019311e+02 -4.1888e+00 +1.7380e+00
5563 +1.407764951e+00 +1.407764951e+00 -2.457022350e+02 -2.457022350e+02 -4.0511e+00 +1.3625e+00
6156 +9.337056264e-01 +9.337056264e-01 -2.461762944e+02 -2.461762944e+02 -4.3976e+00 +9.6129e-01
6766 +5.865372333e-01 +5.865372333e-01 -2.465234628e+02 -2.465234628e+02 -4.3452e+00 +7.3939e-01
6972 +3.654656939e-01 +3.654656939e-01 -2.467445343e+02 -2.467445343e+02 -4.2810e+00 +5.6734e-01
7159 +1.984060835e-01 +1.984060835e-01 -2.469115939e+02 -2.469115939e+02 -4.2335e+00 +2.9865e-01
7160 +1.299185072e-01 +1.299185072e-01 -2.469800815e+02 -2.469800815e+02 -4.1373e+00 +3.2597e-01
7161 +8.143093095e-02 +8.143093095e-02 -2.470285691e+02 -2.470285691e+02 -4.0411e+00 +3.5330e-01
7162 +5.294335465e-02 +5.294335465e-02 -2.470570566e+02 -2.470570566e+02 -3.9449e+00 +3.8063e-01
7371 +2.543285866e-02 +2.543285866e-02 -2.470845671e+02 -2.470845671e+02 -3.7618e+00 +3.5843e-01
7568 +1.671617153e-02 +1.671617153e-02 -2.470932838e+02 -2.470932838e+02 -3.7727e+00 +3.2992e-01
7781 +6.327738749e-03 +6.327738749e-03 -2.471036723e+02 -2.471036723e+02 -3.8617e+00 +2.5132e-01
7782 +5.633073385e-03 +5.633073385e-03 -2.471043669e+02 -2.471043669e+02 -3.8530e+00 +1.5170e-01
10258 +1.105951110e-03 +1.105951110e-03 -2.471088940e+02 -2.471088940e+02 -3.7705e+00 +2.2137e-01
10624 +7.353210251e-04 +7.353210251e-04 -2.471092647e+02 -2.471092647e+02 -3.8216e+00 +2.1721e-01
20977 +4.679974818e-04 +4.679974818e-04 -2.471095320e+02 -2.471095320e+02 -3.8186e+00 +2.1103e-01
21427 +2.446757596e-04 +2.446757596e-04 -2.471097553e+02 -2.471097553e+02 -3.7906e+00 +1.8963e-01
26959 +1.362896385e-04 +1.362896385e-04 -2.471098637e+02 -2.471098637e+02 -3.8013e+00 +1.9190e-01
27995 +3.203019972e-05 +3.203019972e-05 -2.471099680e+02 -2.471099680e+02 -3.7927e+00 +2.0288e-01
29671 +1.719943549e-05 +1.719943549e-05 -2.471099828e+02 -2.471099828e+02 -3.7978e+00 +2.0731e-01
29856 +1.287240946e-05 +1.287240946e-05 -2.471099871e+02 -2.471099871e+02 -3.7961e+00 +2.0595e-01
30701 +7.523662873e-06 +7.523662873e-06 -2.471099925e+02 -2.471099925e+02 -3.8010e+00 +2.0219e-01
42373 +4.666980232e-06 +4.666980232e-06 -2.471099953e+02 -2.471099953e+02 -3.7964e+00 +2.0412e-01
50313 +1.201177753e-06 +1.201177753e-06 -2.471099988e+02 -2.471099988e+02 -3.7984e+00 +2.0430e-01
63295 +5.194939376e-07 +5.194939376e-07 -2.471099995e+02 -2.471099995e+02 -3.7990e+00 +2.0356e-01
% function evaluation | noise-free fitness - Fopt (-1.520400000000e+02) | best noise-free fitness - Fopt | measured fitness | best measured fitness | x1 | x2...
1 +5.744096146e+02 +5.744096146e+02 +4.223696146e+02 +4.223696146e+02 +5.1430e+00 -2.1924e+01
7 +2.466022589e+02 +2.466022589e+02 +9.456225887e+01 +9.456225887e+01 +1.5114e+01 -1.7416e+00
19 +2.087526027e+01 +2.087526027e+01 -1.311647397e+02 -1.311647397e+02 +2.1023e+00 +5.3305e+00
995 +1.523442131e+01 +1.523442131e+01 -1.368055787e+02 -1.368055787e+02 +1.6869e+00 +4.8027e+00
2739 +9.590330608e+00 +9.590330608e+00 -1.424496694e+02 -1.424496694e+02 +1.2663e+00 +4.1145e+00
3739 +6.155422479e+00 +6.155422479e+00 -1.458845775e+02 -1.458845775e+02 +1.1338e+00 -6.2362e-01
4891 +3.661689510e+00 +3.661689510e+00 -1.483783105e+02 -1.483783105e+02 +1.5045e-01 +3.2914e+00
6445 +2.405626112e+00 +2.405626112e+00 -1.496343739e+02 -1.496343739e+02 +1.2342e+00 +1.0348e+00
6862 +1.512200992e+00 +1.512200992e+00 -1.505277990e+02 -1.505277990e+02 +8.6173e-01 +9.3644e-01
8040 +8.906636774e-01 +8.906636774e-01 -1.511493363e+02 -1.511493363e+02 -6.7437e-01 +2.2754e+00
8043 +6.187695220e-01 +6.187695220e-01 -1.514212305e+02 -1.514212305e+02 -7.9981e-01 +2.0029e+00
8457 +3.057879064e-01 +3.057879064e-01 -1.517342121e+02 -1.517342121e+02 -6.9558e-01 +1.7737e+00
8458 +2.062109339e-01 +2.062109339e-01 -1.518337891e+02 -1.518337891e+02 -6.2739e-01 +1.7005e+00
8459 +1.266339614e-01 +1.266339614e-01 -1.519133660e+02 -1.519133660e+02 -5.5920e-01 +1.6274e+00
8835 +5.114916881e-02 +5.114916881e-02 -1.519888508e+02 -1.519888508e+02 -3.9354e-01 +1.6116e+00
8836 +1.882757564e-02 +1.882757564e-02 -1.520211724e+02 -1.520211724e+02 -3.1200e-01 +1.5537e+00
8837 +6.505982472e-03 +6.505982472e-03 -1.520334940e+02 -1.520334940e+02 -2.3046e-01 +1.4958e+00
9026 +3.571230859e-03 +3.571230859e-03 -1.520364288e+02 -1.520364288e+02 -2.4072e-01 +1.4776e+00
9477 +1.710334625e-03 +1.710334625e-03 -1.520382897e+02 -1.520382897e+02 -2.4279e-01 +1.4574e+00
14142 +5.873062763e-04 +5.873062763e-04 -1.520394127e+02 -1.520394127e+02 -2.4994e-01 +1.4410e+00
16772 +2.182879034e-04 +2.182879034e-04 -1.520397817e+02 -1.520397817e+02 -2.5942e-01 +1.4114e+00
19083 +6.947725473e-05 +6.947725473e-05 -1.520399305e+02 -1.520399305e+02 -2.7549e-01 +1.4249e+00
20284 +5.965549187e-05 +5.965549187e-05 -1.520399403e+02 -1.520399403e+02 -2.7378e-01 +1.4280e+00
% function evaluation | noise-free fitness - Fopt (7.948000000000e+01) | best noise-free fitness - Fopt | measured fitness | best measured fitness | x1 | x2...
1 +2.784698980e+02 +2.784698980e+02 +3.579498980e+02 +3.579498980e+02 +6.5374e-01 +1.5526e+01
3 +1.679960971e+02 +1.679960971e+02 +2.474760971e+02 +2.474760971e+02 -1.0705e+00 -1.4050e+01
15 +1.370791990e+02 +1.370791990e+02 +2.165591990e+02 +2.165591990e+02 +8.5249e+00 +7.1289e+00
39 +5.185878547e+00 +5.185878547e+00 +8.466587855e+01 +8.466587855e+01 +7.2034e-01 -3.3855e+00
231 +3.886383794e+00 +3.886383794e+00 +8.336638379e+01 +8.336638379e+01 +9.4825e-01 -3.0015e+00
671 +2.474909133e+00 +2.474909133e+00 +8.195490913e+01 +8.195490913e+01 +1.2330e+00 -2.3873e+00
675 +1.530330529e+00 +1.530330529e+00 +8.101033053e+01 +8.101033053e+01 +1.1642e+00 -1.9933e+00
1077 +9.437157131e-01 +9.437157131e-01 +8.042371571e+01 +8.042371571e+01 +1.0591e+00 -1.6986e+00
2511 +6.217810214e-01 +6.217810214e-01 +8.010178102e+01 +8.010178102e+01 +8.9803e-01 -1.6101e+00
2721 +3.021777844e-01 +3.021777844e-01 +7.978217778e+01 +7.978217778e+01 +7.6311e-01 -1.3612e+00
2722 +2.046673149e-01 +2.046673149e-01 +7.968466731e+01 +7.968466731e+01 +6.8010e-01 -1.3054e+00
2723 +1.271568453e-01 +1.271568453e-01 +7.960715685e+01 +7.960715685e+01 +5.9710e-01 -1.2496e+00
2724 +6.964637581e-02 +6.964637581e-02 +7.954964638e+01 +7.954964638e+01 +5.1409e-01 -1.1939e+00
2725 +3.213590628e-02 +3.213590628e-02 +7.951213591e+01 +7.951213591e+01 +4.3109e-01 -1.1381e+00
3508 +1.835885985e-02 +1.835885985e-02 +7.949835886e+01 +7.949835886e+01 +3.7991e-01 -1.2037e+00
3509 +1.087823999e-02 +1.087823999e-02 +7.949087824e+01 +7.949087824e+01 +2.9293e-01 -1.2531e+00
4337 +9.383729977e-03 +9.383729977e-03 +7.948938373e+01 +7.948938373e+01 +1.7225e-01 -1.2106e+00
5904 +4.691977010e-03 +4.691977010e-03 +7.948469198e+01 +7.948469198e+01 +2.6744e-01 -1.0899e+00
6464 +3.126725375e-04 +3.126725375e-04 +7.948031267e+01 +7.948031267e+01 +2.3512e-01 -1.1567e+00
15781 +4.379474234e-06 +4.379474234e-06 +7.948000438e+01 +7.948000438e+01 +2.5255e-01 -1.1547e+00
51912 +2.227874333e-06 +2.227874333e-06 +7.948000223e+01 +7.948000223e+01 +2.5364e-01 -1.1556e+00
% function evaluation | noise-free fitness - Fopt (3.944800000000e+02) | best noise-free fitness - Fopt | measured fitness | best measured fitness | x1 | x2...
1 +1.527014770e+02 +1.527014770e+02 +5.471814770e+02 +5.471814770e+02 +5.0011e+00 +5.6828e+00
35 +5.334731637e+01 +5.334731637e+01 +4.478273164e+02 +4.478273164e+02 +2.9432e+00 -3.3309e-01
95 +3.853382150e+00 +3.853382150e+00 +3.983333822e+02 +3.983333822e+02 -4.0438e+00 -9.3279e-01
1674 +2.359414907e+00 +2.359414907e+00 +3.968394149e+02 +3.968394149e+02 -3.8186e+00 -1.3564e+00
1903 +1.578303341e+00 +1.578303341e+00 +3.960583033e+02 +3.960583033e+02 -3.9312e+00 -1.6345e+00
2691 +9.536111200e-01 +9.536111200e-01 +3.954336111e+02 +3.954336111e+02 -3.7422e+00 -1.9264e+00
2693 +6.173521985e-01 +6.173521985e-01 +3.950973522e+02 +3.950973522e+02 -3.8261e+00 -2.1080e+00
2888 +3.928429612e-01 +3.928429612e-01 +3.948728430e+02 +3.948728430e+02 -4.1449e+00 -2.3141e+00
3503 +2.072514895e-01 +2.072514895e-01 +3.946872515e+02 +3.946872515e+02 -4.0893e+00 -2.4771e+00
3504 +1.368917506e-01 +1.368917506e-01 +3.946168918e+02 +3.946168918e+02 -4.0096e+00 -2.5375e+00
3505 +8.653201169e-02 +8.653201169e-02 +3.945665320e+02 +3.945665320e+02 -3.9299e+00 -2.5979e+00
6059 +5.943993772e-02 +5.943993772e-02 +3.945394399e+02 +3.945394399e+02 -4.1310e+00 -2.8174e+00
6060 +2.117778896e-02 +2.117778896e-02 +3.945011778e+02 +3.945011778e+02 -4.0323e+00 -2.8334e+00
6061 +2.915640201e-03 +2.915640201e-03 +3.944829156e+02 +3.944829156e+02 -3.9336e+00 -2.8495e+00
6913 +2.423413206e-03 +2.423413206e-03 +3.944824234e+02 +3.944824234e+02 -3.9199e+00 -2.9347e+00
9880 +4.562983361e-04 +4.562983361e-04 +3.944804563e+02 +3.944804563e+02 -3.9045e+00 -2.8699e+00
12551 +1.266199937e-04 +1.266199937e-04 +3.944801266e+02 +3.944801266e+02 -3.8888e+00 -2.8963e+00
24235 +5.357384566e-06 +5.357384566e-06 +3.944800054e+02 +3.944800054e+02 -3.8999e+00 -2.8922e+00
% function evaluation | noise-free fitness - Fopt (-2.471100000000e+02) | best noise-free fitness - Fopt | measured fitness | best measured fitness | x1 | x2...
1 +7.349399627e+02 +7.349399627e+02 +4.878299627e+02 +4.878299627e+02 -2.3049e+01 -1.8885e+01
9 +4.254936311e+01 +4.254936311e+01 -2.045606369e+02 -2.045606369e+02 -1.7506e+00 -5.9900e+00
12 +3.924039465e+01 +3.924039465e+01 -2.078696053e+02 -2.078696053e+02 -1.9736e+00 -5.7893e+00
2813 +2.478658236e+01 +2.478658236e+01 -2.223234176e+02 -2.223234176e+02 -1.4830e+00 -4.2042e+00
3438 +1.559326495e+01 +1.559326495e+01 -2.315167351e+02 -2.315167351e+02 -1.5133e+00 -3.0173e+00
5052 +9.951156601e+00 +9.951156601e+00 -2.371588434e+02 -2.371588434e+02 -6.5529e+00 +1.7407e+00
5463 +6.035038187e+00 +6.035038187e+00 -2.410749618e+02 -2.410749618e+02 -5.7000e+00 +1.7585e+00
7083 +3.965296429e+00 +3.965296429e+00 -2.431447036e+02 -2.431447036e+02 -2.5438e+00 -1.3432e+00
7486 +2.499213006e+00 +2.499213006e+00 -2.446107870e+02 -2.446107870e+02 -2.9486e+00 -1.1299e+00
8648 +1.522204187e+00 +1.522204187e+00 -2.455877958e+02 -2.455877958e+02 -5.0065e+00 +4.5344e-01
9227 +9.691243462e-01 +9.691243462e-01 -2.461408757e+02 -2.461408757e+02 -4.7681e+00 +3.7267e-01
10050 +5.043670126e-01 +5.043670126e-01 -2.466056330e+02 -2.466056330e+02 -4.4779e+00 +4.0983e-01
10051 +3.785455038e-01 +3.785455038e-01 -2.467314545e+02 -2.467314545e+02 -4.3779e+00 +4.1000e-01
10634 +1.693325831e-01 +1.693325831e-01 -2.469406674e+02 -2.469406674e+02 -3.5351e+00 -1.1303e-01
10635 +9.991675475e-02 +9.991675475e-02 -2.470100832e+02 -2.470100832e+02 -3.6170e+00 -5.5670e-02
10636 +5.050092641e-02 +5.050092641e-02 -2.470594991e+02 -2.470594991e+02 -3.6989e+00 +1.6952e-03
10637 +2.108509807e-02 +2.108509807e-02 -2.470889149e+02 -2.470889149e+02 -3.7808e+00 +5.9060e-02
10638 +1.166926972e-02 +1.166926972e-02 -2.470983307e+02 -2.470983307e+02 -3.8627e+00 +1.1642e-01
10839 +1.799751697e-03 +1.799751697e-03 -2.471082002e+02 -2.471082002e+02 -3.7764e+00 +1.6691e-01
11230 +1.284395049e-03 +1.284395049e-03 -2.471087156e+02 -2.471087156e+02 -3.7638e+00 +1.9400e-01
13507 +8.721111990e-04 +8.721111990e-04 -2.471091279e+02 -2.471091279e+02 -3.7721e+00 +1.8978e-01
17227 +1.948688459e-04 +1.948688459e-04 -2.471098051e+02 -2.471098051e+02 -3.7952e+00 +1.8962e-01
17411 +1.305185883e-04 +1.305185883e-04 -2.471098695e+02 -2.471098695e+02 -3.8002e+00 +2.1448e-01
28429 +3.287206172e-05 +3.287206172e-05 -2.471099671e+02 -2.471099671e+02 -3.7928e+00 +2.0202e-01
36175 +1.959382587e-05 +1.959382587e-05 -2.471099804e+02 -2.471099804e+02 -3.8022e+00 +2.0086e-01
70898 +1.570476752e-05 +1.570476752e-05 -2.471099843e+02 -2.471099843e+02 -3.7948e+00 +2.0486e-01
75912 +9.256004944e-06 +9.256004944e-06 -2.471099907e+02 -2.471099907e+02 -3.8013e+00 +2.0237e-01
113140 +7.002717837e-07 +7.002717837e-07 -2.471099993e+02 -2.471099993e+02 -3.7977e+00 +2.0282e-01
% function evaluation | noise-free fitness - Fopt (-1.520400000000e+02) | best noise-free fitness - Fopt | measured fitness | best measured fitness | x1 | x2...
1 +4.327969081e+01 +4.327969081e+01 -1.087603092e+02 -1.087603092e+02 +6.1912e+00 +2.6764e+00
4 +3.959252172e+01 +3.959252172e+01 -1.124474783e+02 -1.124474783e+02 +5.8928e+00 +2.7073e+00
115 +1.126223187e+01 +1.126223187e+01 -1.407777681e+02 -1.407777681e+02 -2.6570e+00 -9.3209e-01
135 +7.422331992e+00 +7.422331992e+00 -1.446176680e+02 -1.446176680e+02 -1.1960e+00 -1.1372e+00
1146 +5.895729961e+00 +5.895729961e+00 -1.461442700e+02 -1.461442700e+02 -1.2389e+00 -8.0120e-01
1570 +3.855254297e+00 +3.855254297e+00 -1.481847457e+02 -1.481847457e+02 -1.4102e+00 -1.7250e-01
2725 +2.405108004e+00 +2.405108004e+00 -1.496348920e+02 -1.496348920e+02 -1.3594e+00 +3.2303e-01
2942 +1.349606977e+00 +1.349606977e+00 -1.506903930e+02 -1.506903930e+02 -1.1403e+00 +6.5759e-01
2944 +9.388967866e-01 +9.388967866e-01 -1.511011032e+02 -1.511011032e+02 -1.0266e+00 +8.2215e-01
2946 +6.081865965e-01 +6.081865965e-01 -1.514318134e+02 -1.514318134e+02 -9.1293e-01 +9.8672e-01
3517 +3.171213475e-01 +3.171213475e-01 -1.517228787e+02 -1.517228787e+02 -7.7599e-01 +1.1826e+00
3518 +2.203925439e-01 +2.203925439e-01 -1.518196075e+02 -1.518196075e+02 -7.0406e-01 +1.2521e+00
3712 +1.402223987e-01 +1.402223987e-01 -1.518997776e+02 -1.518997776e+02 -6.0448e-01 +1.2613e+00
3713 +8.005225354e-02 +8.005225354e-02 -1.519599477e+02 -1.519599477e+02 -5.0491e-01 +1.2706e+00
3714 +3.988210838e-02 +3.988210838e-02 -1.520001179e+02 -1.520001179e+02 -4.0534e-01 +1.2798e+00
3715 +1.971196321e-02 +1.971196321e-02 -1.520202880e+02 -1.520202880e+02 -3.0576e-01 +1.2890e+00
4670 +8.291057405e-03 +8.291057405e-03 -1.520317089e+02 -1.520317089e+02 -1.8724e-01 +1.3804e+00
4671 +5.483817262e-03 +5.483817262e-03 -1.520345162e+02 -1.520345162e+02 -2.1498e-01 +1.4765e+00
7275 +2.194633808e-03 +2.194633808e-03 -1.520378054e+02 -1.520378054e+02 -2.7801e-01 +1.3784e+00
13930 +1.238543619e-03 +1.238543619e-03 -1.520387615e+02 -1.520387615e+02 -2.5190e-01 +1.4557e+00
14374 +8.624436538e-05 +8.624436538e-05 -1.520399138e+02 -1.520399138e+02 -2.7322e-01 +1.4169e+00
24635 +1.737451396e-05 +1.737451396e-05 -1.520399826e+02 -1.520399826e+02 -2.6405e-01 +1.4213e+00
29686 +3.927079547e-06 +3.927079547e-06 -1.520399961e+02 -1.520399961e+02 -2.6528e-01 +1.4235e+00
112400 +1.085762676e-06 +1.085762676e-06 -1.520399989e+02 -1.520399989e+02 -2.6664e-01 +1.4231e+00
% function evaluation | noise-free fitness - Fopt (-2.525000000000e+01) | best noise-free fitness - Fopt | measured fitness | best measured fitness | x1 | x2...
1 +3.848782857e+02 +3.848782857e+02 +3.596282857e+02 +3.596282857e+02 +1.6151e+01 -1.4455e+01
21 +2.184408542e+02 +2.184408542e+02 +1.931908542e+02 +1.931908542e+02 -1.1092e+01 +2.1036e+00
37 +1.272428564e+02 +1.272428564e+02 +1.019928564e+02 +1.019928564e+02 -7.1010e+00 -2.8894e+00
49 +8.307248993e+01 +8.307248993e+01 +5.782248993e+01 +5.782248993e+01 +2.4568e+00 +9.6758e+00
63 +3.593749403e+01 +3.593749403e+01 +1.068749403e+01 +1.068749403e+01 -2.3324e-01 -3.9619e+00
131 +9.786588490e+00 +9.786588490e+00 -1.546341151e+01 -1.546341151e+01 +4.7441e+00 -2.2821e+00
1128 +5.936329802e+00 +5.936329802e+00 -1.931367020e+01 -1.931367020e+01 +4.4634e+00 -1.6485e+00
1348 +3.752785047e+00 +3.752785047e+00 -2.149721495e+01 -2.149721495e+01 +4.2665e+00 -1.1890e+00
2134 +2.308499491e+00 +2.308499491e+00 -2.294150051e+01 -2.294150051e+01 +4.1216e+00 -7.9702e-01
2907 +1.567765298e+00 +1.567765298e+00 -2.368223470e+01 -2.368223470e+01 +3.9093e+00 -5.8167e-01
4089 +9.267105876e-01 +9.267105876e-01 -2.432328941e+01 -2.432328941e+01 +3.5811e+00 -3.2688e-01
4092 +5.916078384e-01 +5.916078384e-01 -2.465839216e+01 -2.465839216e+01 +3.3857e+00 -9.9181e-02
4470 +3.544445860e-01 +3.544445860e-01 -2.489555541e+01 -2.489555541e+01 +3.3555e+00 +9.9065e-02
4472 +1.925458964e-01 +1.925458964e-01 -2.505745410e+01 -2.505745410e+01 +3.3338e+00 +2.9788e-01
4680 +1.257263089e-01 +1.257263089e-01 -2.512427369e+01 -2.512427369e+01 +3.4269e+00 +3.3424e-01
4681 +7.890672141e-02 +7.890672141e-02 -2.517109328e+01 -2.517109328e+01 +3.5201e+00 +3.7061e-01
4682 +5.208713392e-02 +5.208713392e-02 -2.519791287e+01 -2.519791287e+01 +3.6132e+00 +4.0698e-01
9491 +3.026263755e-02 +3.026263755e-02 -2.521973736e+01 -2.521973736e+01 +3.6400e+00 +4.6314e-01
9492 +1.308225920e-02 +1.308225920e-02 -2.523691774e+01 -2.523691774e+01 +3.6903e+00 +5.4961e-01
9677 +8.383402180e-03 +8.383402180e-03 -2.524161660e+01 -2.524161660e+01 +3.6715e+00 +5.6366e-01
11420 +4.617570015e-04 +4.617570015e-04 -2.524953824e+01 -2.524953824e+01 +3.6204e+00 +6.5583e-01
11616 +8.385620115e-05 +8.385620115e-05 -2.524991614e+01 -2.524991614e+01 +3.6179e+00 +6.4364e-01
19297 +5.710107840e-05 +5.710107840e-05 -2.524994290e+01 -2.524994290e+01 +3.6155e+00 +6.2773e-01
19621 +3.501731821e-05 +3.501731821e-05 -2.524996498e+01 -2.524996498e+01 +3.6088e+00 +6.3715e-01
29766 +1.084325277e-06 +1.084325277e-06 -2.524999892e+01 -2.524999892e+01 +3.6135e+00 +6.3573e-01
% function evaluation | noise-free fitness - Fopt (1.347300000000e+02) | best noise-free fitness - Fopt | measured fitness | best measured fitness | x1 | x2...
1 +6.327911248e+02 +6.327911248e+02 +7.675211248e+02 +7.675211248e+02 +1.0642e+01 +1.7964e+01
2 +6.279258754e+02 +6.279258754e+02 +7.626558754e+02 +7.626558754e+02 +1.0571e+01 +1.7894e+01
19 +3.058756468e+02 +3.058756468e+02 +4.406056468e+02 +4.406056468e+02 -1.1946e+01 -1.8194e+01
21 +1.474622221e+02 +1.474622221e+02 +2.821922221e+02 +2.821922221e+02 +9.8762e+00 -3.6329e+00
37 +4.403072976e+01 +4.403072976e+01 +1.787607298e+02 +1.787607298e+02 +2.4666e+00 -8.2763e+00
60 +5.999542234e+00 +5.999542234e+00 +1.407295422e+02 +1.407295422e+02 +1.7453e-01 -3.4328e+00
263 +3.843881604e+00 +3.843881604e+00 +1.385738816e+02 +1.385738816e+02 -3.1832e-01 -3.4125e+00
474 +2.497738413e+00 +2.497738413e+00 +1.372277384e+02 +1.372277384e+02 -6.8796e-01 -3.5654e+00
2337 +1.364914787e+00 +1.364914787e+00 +1.360949148e+02 +1.360949148e+02 -1.1031e+00 -3.7258e+00
2339 +9.422345870e-01 +9.422345870e-01 +1.356722346e+02 +1.356722346e+02 -1.3028e+00 -3.7370e+00
4358 +6.084332510e-01 +6.084332510e-01 +1.353384333e+02 +1.353384333e+02 -2.1015e+00 -4.3886e+00
4551 +3.432596683e-01 +3.432596683e-01 +1.350732597e+02 +1.350732597e+02 -2.1837e+00 -4.2063e+00
4552 +2.406728770e-01 +2.406728770e-01 +1.349706729e+02 +1.349706729e+02 -2.2248e+00 -4.1152e+00
4553 +1.580860856e-01 +1.580860856e-01 +1.348880861e+02 +1.348880861e+02 -2.2660e+00 -4.0240e+00
4554 +9.549929427e-02 +9.549929427e-02 +1.348254993e+02 +1.348254993e+02 -2.3071e+00 -3.9328e+00
6154 +4.661882803e-02 +4.661882803e-02 +1.347766188e+02 +1.347766188e+02 -2.4234e+00 -3.4774e+00
6155 +2.388799271e-02 +2.388799271e-02 +1.347538880e+02 +1.347538880e+02 -2.3236e+00 -3.4825e+00
6344 +6.406696255e-03 +6.406696255e-03 +1.347364067e+02 +1.347364067e+02 -2.3338e+00 -3.5820e+00
7126 +3.300475769e-03 +3.300475769e-03 +1.347333005e+02 +1.347333005e+02 -2.3143e+00 -3.6593e+00
7535 +1.161478312e-03 +1.161478312e-03 +1.347311615e+02 +1.347311615e+02 -2.2356e+00 -3.6391e+00
7910 +8.486601053e-04 +8.486601053e-04 +1.347308487e+02 +1.347308487e+02 -2.2610e+00 -3.6549e+00
11404 +1.340889360e-04 +1.340889360e-04 +1.347301341e+02 +1.347301341e+02 -2.2674e+00 -3.6148e+00
20234 +6.992232102e-05 +6.992232102e-05 +1.347300699e+02 +1.347300699e+02 -2.2617e+00 -3.6327e+00
22543 +2.305077629e-06 +2.305077629e-06 +1.347300023e+02 +1.347300023e+02 -2.2662e+00 -3.6275e+00
% function evaluation | noise-free fitness - Fopt (1.520000000000e+00) | best noise-free fitness - Fopt | measured fitness | best measured fitness | x1 | x2...
1 +5.384417076e+02 +5.384417076e+02 +5.399617076e+02 +5.399617076e+02 -1.5067e+01 -1.9814e+01
7 +1.906113754e+02 +1.906113754e+02 +1.921313754e+02 +1.921313754e+02 +8.7322e+00 +8.5295e+00
13 +7.499827002e+01 +7.499827002e+01 +7.651827002e+01 +7.651827002e+01 -4.7850e+00 -9.3430e+00
27 +4.560440401e+01 +4.560440401e+01 +4.712440401e+01 +4.712440401e+01 -5.6268e+00 -6.0213e+00
73 +3.064777154e+01 +3.064777154e+01 +3.216777154e+01 +3.216777154e+01 -3.1712e+00 -6.6675e+00
1676 +2.490985214e+01 +2.490985214e+01 +2.642985214e+01 +2.642985214e+01 -2.3213e+00 -6.5127e+00
3309 +1.570370707e+01 +1.570370707e+01 +1.722370707e+01 +1.722370707e+01 -1.1942e+00 -5.8293e+00
4693 +9.896278804e+00 +9.896278804e+00 +1.141627880e+01 +1.141627880e+01 -1.5888e+00 -4.8178e+00
5111 +5.938447471e+00 +5.938447471e+00 +7.458447471e+00 +7.458447471e+00 -1.0921e+00 -4.2621e+00
5907 +3.749231252e+00 +3.749231252e+00 +5.269231252e+00 +5.269231252e+00 -7.3455e-01 -3.8545e+00
6919 +2.502070827e+00 +2.502070827e+00 +4.022070827e+00 +4.022070827e+00 +1.6272e-01 -3.5289e+00
6923 +1.578973785e+00 +1.578973785e+00 +3.098973785e+00 +3.098973785e+00 -1.1861e-01 -3.2446e+00
8338 +8.698672066e-01 +8.698672066e-01 +2.389867207e+00 +2.389867207e+00 -1.8965e-01 -2.9237e+00
8560 +6.000762107e-01 +6.000762107e-01 +2.120076211e+00 +2.120076211e+00 -8.1501e-02 -2.7554e+00
8563 +3.453897168e-01 +3.453897168e-01 +1.865389717e+00 +1.865389717e+00 +8.0720e-02 -2.5031e+00
8995 +2.144257595e-01 +2.144257595e-01 +1.734425759e+00 +1.734425759e+00 -1.0689e-01 -2.4431e+00
8996 +1.446145302e-01 +1.446145302e-01 +1.664614530e+00 +1.664614530e+00 -1.7521e-01 -2.3701e+00
8997 +9.480330092e-02 +9.480330092e-02 +1.614803301e+00 +1.614803301e+00 -2.4353e-01 -2.2970e+00
9161 +2.918956967e-02 +2.918956967e-02 +1.549189570e+00 +1.549189570e+00 -2.3513e-01 -2.1599e+00
9162 +1.338706769e-02 +1.338706769e-02 +1.533387068e+00 +1.533387068e+00 -1.5841e-01 -2.0957e+00
11801 +4.794636015e-03 +4.794636015e-03 +1.524794636e+00 +1.524794636e+00 -1.6928e-01 -1.9338e+00
11978 +5.517356844e-04 +5.517356844e-04 +1.520551736e+00 +1.520551736e+00 -2.0570e-01 -2.0146e+00
18562 +1.452713784e-04 +1.452713784e-04 +1.520145271e+00 +1.520145271e+00 -2.1669e-01 -1.9828e+00
23513 +1.454738974e-05 +1.454738974e-05 +1.520014547e+00 +1.520014547e+00 -2.1085e-01 -1.9937e+00
31370 +7.887054901e-06 +7.887054901e-06 +1.520007887e+00 +1.520007887e+00 -2.1063e-01 -1.9902e+00
45369 +5.596379157e-06 +5.596379157e-06 +1.520005596e+00 +1.520005596e+00 -2.0998e-01 -1.9899e+00
82814 +6.680721003e-07 +6.680721003e-07 +1.520000668e+00 +1.520000668e+00 -2.0718e-01 -1.9912e+00
% function evaluation | noise-free fitness - Fopt (4.530000000000e+01) | best noise-free fitness - Fopt | measured fitness | best measured fitness | x1 | x2...
1 +4.735244407e+02 +4.735244407e+02 +5.188244407e+02 +5.188244407e+02 -1.9573e+01 -4.8288e+00
3 +8.406986168e+01 +8.406986168e+01 +1.293698617e+02 +1.293698617e+02 +9.9989e+00 +3.9771e+00
33 +5.171645309e+01 +5.171645309e+01 +9.701645309e+01 +9.701645309e+01 -6.2041e+00 +2.0455e+00
145 +2.652813718e+01 +2.652813718e+01 +7.182813718e+01 +7.182813718e+01 -1.1927e+00 +6.9807e+00
147 +2.483515925e+01 +2.483515925e+01 +7.013515925e+01 +7.013515925e+01 -1.0236e+00 +6.8739e+00
179 +4.948083232e+00 +4.948083232e+00 +5.024808323e+01 +5.024808323e+01 +3.0278e+00 +1.4377e+00
182 +3.744268484e+00 +3.744268484e+00 +4.904426848e+01 +4.904426848e+01 +2.7893e+00 +1.6197e+00
993 +2.398530430e+00 +2.398530430e+00 +4.769853043e+01 +4.769853043e+01 +2.4929e+00 +1.9700e+00
1182 +1.556945848e+00 +1.556945848e+00 +4.685694585e+01 +4.685694585e+01 +2.0140e+00 +1.6101e+00
1390 +8.257402641e-01 +8.257402641e-01 +4.612574026e+01 +4.612574026e+01 +1.5736e+00 +1.6219e+00
1392 +5.371789202e-01 +5.371789202e-01 +4.583717892e+01 +4.583717892e+01 +1.3910e+00 +1.7036e+00
3410 +3.665665402e-01 +3.665665402e-01 +4.566656654e+01 +4.566656654e+01 +1.3781e+00 +1.8537e+00
3587 +2.096073100e-01 +2.096073100e-01 +4.550960731e+01 +4.550960731e+01 +1.3407e+00 +2.0270e+00
3970 +1.537891817e-01 +1.537891817e-01 +4.545378918e+01 +4.545378918e+01 +1.3647e+00 +2.3992e+00
4390 +9.714040792e-02 +9.714040792e-02 +4.539714041e+01 +4.539714041e+01 +1.2039e+00 +2.5313e+00
4559 +5.357155242e-02 +5.357155242e-02 +4.535357155e+01 +4.535357155e+01 +1.0758e+00 +2.5238e+00
4560 +1.841985208e-02 +1.841985208e-02 +4.531841985e+01 +4.531841985e+01 +1.0163e+00 +2.4434e+00
4561 +3.268151752e-03 +3.268151752e-03 +4.530326815e+01 +4.530326815e+01 +9.5673e-01 +2.3631e+00
6579 +4.843001098e-04 +4.843001098e-04 +4.530048430e+01 +4.530048430e+01 +9.7531e-01 +2.3328e+00
18355 +1.261108188e-04 +1.261108188e-04 +4.530012611e+01 +4.530012611e+01 +9.8342e-01 +2.3232e+00
19621 +9.368852218e-05 +9.368852218e-05 +4.530009369e+01 +4.530009369e+01 +9.8170e-01 +2.3023e+00
33425 +2.209756940e-05 +2.209756940e-05 +4.530002210e+01 +4.530002210e+01 +9.7815e-01 +2.3100e+00
37490 +1.456485027e-05 +1.456485027e-05 +4.530001456e+01 +4.530001456e+01 +9.7909e-01 +2.3101e+00
44407 +8.852732520e-07 +8.852732520e-07 +4.530000089e+01 +4.530000089e+01 +9.8259e-01 +2.3111e+00
% function evaluation | noise-free fitness - Fopt (-1.605700000000e+02) | best noise-free fitness - Fopt | measured fitness | best measured fitness | x1 | x2...
1 +8.963043585e+02 +8.963043585e+02 +7.357343585e+02 +7.357343585e+02 -2.4207e+01 +1.9292e+01
7 +1.874184355e+02 +1.874184355e+02 +2.684843554e+01 +2.684843554e+01 +1.7896e+00 -1.3313e+01
61 +3.191298130e+01 +3.191298130e+01 -1.286570187e+02 -1.286570187e+02 -6.8578e+00 -9.3570e-01
1480 +2.458747322e+01 +2.458747322e+01 -1.359825268e+02 -1.359825268e+02 -6.0791e+00 -1.2632e+00
2632 +1.540588674e+01 +1.540588674e+01 -1.451641133e+02 -1.451641133e+02 -5.1359e+00 -7.6374e-01
3638 +9.540889975e+00 +9.540889975e+00 -1.510291100e+02 -1.510291100e+02 -4.2466e+00 -8.7179e-01
5787 +6.130161984e+00 +6.130161984e+00 -1.544398380e+02 -1.544398380e+02 -3.7669e+00 -8.7191e-03
6372 +3.961487763e+00 +3.961487763e+00 -1.566085122e+02 -1.566085122e+02 -3.2688e+00 -1.9817e-01
6774 +2.332816618e+00 +2.332816618e+00 -1.582371834e+02 -1.582371834e+02 -2.8185e+00 +1.8902e-02
7002 +1.454493067e+00 +1.454493067e+00 -1.591155069e+02 -1.591155069e+02 -2.4508e+00 +3.5771e-01
7405 +8.262391667e-01 +8.262391667e-01 -1.597437608e+02 -1.597437608e+02 -2.1199e+00 +3.9978e-01
7594 +5.432847159e-01 +5.432847159e-01 -1.600267153e+02 -1.600267153e+02 -1.9216e+00 +4.0833e-01
7596 +3.595592360e-01 +3.595592360e-01 -1.602104408e+02 -1.602104408e+02 -1.7243e+00 +4.4110e-01
8203 +1.958188747e-01 +1.958188747e-01 -1.603741811e+02 -1.603741811e+02 -1.2628e+00 +4.6800e-01
8204 +1.468678678e-01 +1.468678678e-01 -1.604231321e+02 -1.604231321e+02 -1.1926e+00 +3.9673e-01
8410 +5.358236290e-02 +5.358236290e-02 -1.605164176e+02 -1.605164176e+02 -1.1335e+00 +1.9588e-01
8411 +1.819887193e-02 +1.819887193e-02 -1.605518011e+02 -1.605518011e+02 -1.2148e+00 +1.3756e-01
8412 +2.815380957e-03 +2.815380957e-03 -1.605671846e+02 -1.605671846e+02 -1.2960e+00 +7.9243e-02
17471 +4.967510799e-04 +4.967510799e-04 -1.605695032e+02 -1.605695032e+02 -1.2839e+00 +4.7444e-02
21477 +1.651792706e-04 +1.651792706e-04 -1.605698348e+02 -1.605698348e+02 -1.2836e+00 +1.6068e-02
21653 +6.606744421e-06 +6.606744421e-06 -1.605699934e+02 -1.605699934e+02 -1.2938e+00 +2.6484e-02
27520 +1.101871362e-06 +1.101871362e-06 -1.605699989e+02 -1.605699989e+02 -1.2902e+00 +2.6793e-02
% function evaluation | noise-free fitness - Fopt (-2.916100000000e+02) | best noise-free fitness - Fopt | measured fitness | best measured fitness | x1 | x2...
1 +1.641842263e+02 +1.641842263e+02 -1.274257737e+02 -1.274257737e+02 +1.0795e+01 +3.1072e+00
9 +7.884598666e+01 +7.884598666e+01 -2.127640133e+02 -2.127640133e+02 -1.0534e+01 +4.9466e+00
17 +5.083980243e+01 +5.083980243e+01 -2.407701976e+02 -2.407701976e+02 -7.1798e+00 -2.4217e+00
61 +3.690614383e+01 +3.690614383e+01 -2.547038562e+02 -2.547038562e+02 -6.8451e+00 +6.1506e+00
77 +2.141049494e+01 +2.141049494e+01 -2.701995051e+02 -2.701995051e+02 -5.4937e+00 +5.5192e+00
1055 +1.527124636e+01 +1.527124636e+01 -2.763387536e+02 -2.763387536e+02 -5.3762e+00 +4.4550e+00
1455 +9.639416950e+00 +9.639416950e+00 -2.819705830e+02 -2.819705830e+02 -4.5902e+00 +4.1983e+00
2703 +6.047697204e+00 +6.047697204e+00 -2.855623028e+02 -2.855623028e+02 -4.1338e+00 +3.7097e+00
3699 +3.980820397e+00 +3.980820397e+00 -2.876291796e+02 -2.876291796e+02 -3.9670e+00 +2.8343e+00
4664 +2.369226990e+00 +2.369226990e+00 -2.892407730e+02 -2.892407730e+02 -3.5125e+00 +2.1794e+00
5076 +1.581310290e+00 +1.581310290e+00 -2.900286897e+02 -2.900286897e+02 -3.0333e+00 +1.7604e+00
5848 +9.196542611e-01 +9.196542611e-01 -2.906903457e+02 -2.906903457e+02 -2.0805e+00 +3.4375e+00
6046 +5.707969012e-01 +5.707969012e-01 -2.910392031e+02 -2.910392031e+02 -2.2416e+00 +3.1985e+00
6048 +3.829892133e-01 +3.829892133e-01 -2.912270108e+02 -2.912270108e+02 -2.3187e+00 +3.0140e+00
7277 +2.218928283e-01 +2.218928283e-01 -2.913881072e+02 -2.913881072e+02 -1.5837e+00 +2.2673e+00
7279 +1.220905846e-01 +1.220905846e-01 -2.914879094e+02 -2.914879094e+02 -1.7769e+00 +2.2154e+00
7496 +4.838656609e-02 +4.838656609e-02 -2.915616134e+02 -2.915616134e+02 -1.9198e+00 +2.2781e+00
7497 +1.458366937e-02 +1.458366937e-02 -2.915954163e+02 -2.915954163e+02 -1.9662e+00 +2.3667e+00
7498 +7.807726523e-04 +7.807726523e-04 -2.916092192e+02 -2.916092192e+02 -2.0125e+00 +2.4553e+00
10054 +3.113611521e-04 +3.113611521e-04 -2.916096886e+02 -2.916096886e+02 -1.9921e+00 +2.4679e+00
15573 +5.497070987e-05 +5.497070987e-05 -2.916099450e+02 -2.916099450e+02 -1.9960e+00 +2.4800e+00
27080 +1.126954811e-05 +1.126954811e-05 -2.916099887e+02 -2.916099887e+02 -2.0060e+00 +2.4835e+00
73586 +2.727592857e-06 +2.727592857e-06 -2.916099973e+02 -2.916099973e+02 -2.0023e+00 +2.4830e+00
% function evaluation | noise-free fitness - Fopt (-8.736000000000e+01) | best noise-free fitness - Fopt | measured fitness | best measured fitness | x1 | x2...
1 +6.829795336e+02 +6.829795336e+02 +5.956195336e+02 +5.956195336e+02 -1.1333e+01 -2.4264e+01
3 +1.867984040e+02 +1.867984040e+02 +9.943840399e+01 +9.943840399e+01 -1.3218e+01 +5.1673e+00
17 +2.755222632e+01 +2.755222632e+01 -5.980777368e+01 -5.980777368e+01 +1.1279e+00 +4.5314e+00
53 +9.566538848e+00 +9.566538848e+00 -7.779346115e+01 -7.779346115e+01 -3.5543e+00 +8.7356e-01
151 +5.078973148e+00 +5.078973148e+00 -8.228102685e+01 -8.228102685e+01 -8.3342e-01 +1.8719e+00
156 +3.836348674e+00 +3.836348674e+00 -8.352365133e+01 -8.352365133e+01 -1.1919e+00 +1.5233e+00
744 +2.476748667e+00 +2.476748667e+00 -8.488325133e+01 -8.488325133e+01 -1.7443e+00 +8.2105e-01
1574 +1.563303440e+00 +1.563303440e+00 -8.579669656e+01 -8.579669656e+01 -1.7795e+00 +2.9480e-01
2367 +8.696131220e-01 +8.696131220e-01 -8.649038688e+01 -8.649038688e+01 -1.0540e+00 +4.9390e-01
2858 +5.856644029e-01 +5.856644029e-01 -8.677433560e+01 -8.677433560e+01 -7.5941e-01 +3.8537e-01
2860 +3.913101845e-01 +3.913101845e-01 -8.696868982e+01 -8.696868982e+01 -6.2426e-01 +2.3795e-01
3042 +2.198877138e-01 +2.198877138e-01 -8.714011229e+01 -8.714011229e+01 -7.4217e-01 +8.9457e-02
3238 +1.385007093e-01 +1.385007093e-01 -8.722149929e+01 -8.722149929e+01 -9.9212e-01 -1.1863e-01
3239 +8.348174702e-02 +8.348174702e-02 -8.727651825e+01 -8.727651825e+01 -9.6383e-01 -2.1455e-01
3240 +4.846278476e-02 +4.846278476e-02 -8.731153722e+01 -8.731153722e+01 -9.3554e-01 -3.1046e-01
3241 +3.344382249e-02 +3.344382249e-02 -8.732655618e+01 -8.732655618e+01 -9.0725e-01 -4.0638e-01
3734 +5.834662389e-03 +5.834662389e-03 -8.735416534e+01 -8.735416534e+01 -6.6778e-01 -3.3023e-01
3735 +2.377114206e-03 +2.377114206e-03 -8.735762289e+01 -8.735762289e+01 -7.0504e-01 -4.2303e-01
4141 +1.253658624e-03 +1.253658624e-03 -8.735874634e+01 -8.735874634e+01 -7.5819e-01 -3.6362e-01
10700 +6.054744883e-04 +6.054744883e-04 -8.735939453e+01 -8.735939453e+01 -7.1271e-01 -3.5875e-01
23655 +1.488460830e-04 +1.488460830e-04 -8.735985115e+01 -8.735985115e+01 -7.3335e-01 -3.6917e-01
25063 +2.387974759e-05 +2.387974759e-05 -8.735997612e+01 -8.735997612e+01 -7.2497e-01 -3.8387e-01
30141 +1.507750129e-05 +1.507750129e-05 -8.735998492e+01 -8.735998492e+01 -7.2324e-01 -3.7694e-01
33118 +9.829831029e-06 +9.829831029e-06 -8.735999017e+01 -8.735999017e+01 -7.2935e-01 -3.8027e-01
44652 +5.881762718e-06 +5.881762718e-06 -8.735999412e+01 -8.735999412e+01 -7.2809e-01 -3.8094e-01
109640 +1.496175827e-06 +1.496175827e-06 -8.735999850e+01 -8.735999850e+01 -7.2672e-01 -3.7802e-01
% function evaluation | noise-free fitness - Fopt (1.000000000000e+03) | best noise-free fitness - Fopt | measured fitness | best measured fitness | x1 | x2...
1 +2.357916144e+02 +2.357916144e+02 +1.235791614e+03 +1.235791614e+03 +5.9085e+00 -1.6511e+01
17 +7.507157753e+00 +7.507157753e+00 +1.007507158e+03 +1.007507158e+03 -2.4143e+00 -1.0005e+00
20 +5.955010160e+00 +5.955010160e+00 +1.005955010e+03 +1.005955010e+03 -2.4214e+00 -1.3004e+00
396 +3.974292159e+00 +3.974292159e+00 +1.003974292e+03 +1.003974292e+03 -2.6126e+00 -1.7400e+00
4000 +2.509288061e+00 +2.509288061e+00 +1.002509288e+03 +1.002509288e+03 -2.3069e+00 -2.1782e+00
4201 +1.381375796e+00 +1.381375796e+00 +1.001381376e+03 +1.001381376e+03 -2.1903e+00 -2.6347e+00
4405 +9.554115901e-01 +9.554115901e-01 +1.000955412e+03 +1.000955412e+03 -2.2533e+00 -2.8225e+00
4407 +6.061157990e-01 +6.061157990e-01 +1.000606116e+03 +1.000606116e+03 -2.3427e+00 -3.0014e+00
4409 +3.368200079e-01 +3.368200079e-01 +1.000336820e+03 +1.000336820e+03 -2.4321e+00 -3.1803e+00
6595 +2.228062270e-01 +2.228062270e-01 +1.000222806e+03 +1.000222806e+03 -2.1438e+00 -3.8232e+00
7346 +1.157363083e-01 +1.157363083e-01 +1.000115736e+03 +1.000115736e+03 -2.2828e+00 -3.8361e+00
7347 +5.866677585e-02 +5.866677585e-02 +1.000058667e+03 +1.000058667e+03 -2.3717e+00 -3.7904e+00
7348 +2.159724338e-02 +2.159724338e-02 +1.000021597e+03 +1.000021597e+03 -2.4607e+00 -3.7446e+00
7552 +2.233123046e-03 +2.233123046e-03 +1.000002233e+03 +1.000002233e+03 -2.5606e+00 -3.7415e+00
15383 +1.323781564e-03 +1.323781564e-03 +1.000001324e+03 +1.000001324e+03 -2.6286e+00 -3.7630e+00
20535 +3.972097745e-04 +3.972097745e-04 +1.000000397e+03 +1.000000397e+03 -2.6137e+00 -3.7148e+00
21638 +2.561367182e-05 +2.561367182e-05 +1.000000026e+03 +1.000000026e+03 -2.6039e+00 -3.7374e+00
34875 +9.950171261e-06 +9.950171261e-06 +1.000000010e+03 +1.000000010e+03 -2.6103e+00 -3.7333e+00
44775 +1.102429792e-06 +1.102429792e-06 +1.000000001e+03 +1.000000001e+03 -2.6063e+00 -3.7331e+00
71486 +3.086512379e-07 +3.086512379e-07 +1.000000000e+03 +1.000000000e+03 -2.6067e+00 -3.7338e+00
% function evaluation | noise-free fitness - Fopt (2.887300000000e+02) | best noise-free fitness - Fopt | measured fitness | best measured fitness | x1 | x2...
1 +3.768218800e+02 +3.768218800e+02 +6.655518800e+02 +6.655518800e+02 +1.6484e+01 +4.9114e+00
29 +2.406242694e+01 +2.406242694e+01 +3.127924269e+02 +3.127924269e+02 +5.5483e-01 +4.4012e+00
171 +7.301059292e+00 +7.301059292e+00 +2.960310593e+02 +2.960310593e+02 -1.7430e+00 +3.1167e+00
187 +5.979712467e+00 +5.979712467e+00 +2.947097125e+02 +2.947097125e+02 -3.9026e+00 -1.4438e+00
388 +3.607506386e+00 +3.607506386e+00 +2.923375064e+02 +2.923375064e+02 -3.6972e+00 -9.0499e-01
989 +2.212264620e+00 +2.212264620e+00 +2.909422646e+02 +2.909422646e+02 -3.4112e+00 -6.0814e-01
1599 +1.387792258e+00 +1.387792258e+00 +2.901177923e+02 +2.901177923e+02 -3.4455e+00 -7.9028e-02
1602 +8.553803600e-01 +8.553803600e-01 +2.895853804e+02 +2.895853804e+02 -3.1455e+00 -7.2765e-02
2217 +5.708473960e-01 +5.708473960e-01 +2.893008474e+02 +2.893008474e+02 -3.0748e+00 +1.2381e-01
2219 +3.233860232e-01 +3.233860232e-01 +2.890533860e+02 +2.890533860e+02 -2.8791e+00 +1.6523e-01
2220 +2.296553369e-01 +2.296553369e-01 +2.889596553e+02 +2.889596553e+02 -2.7813e+00 +1.8594e-01
3001 +1.194025644e-01 +1.194025644e-01 +2.888494026e+02 +2.888494026e+02 -2.7644e+00 +4.7255e-01
3002 +8.298704403e-02 +8.298704403e-02 +2.888129870e+02 +2.888129870e+02 -2.6914e+00 +4.0420e-01
3185 +3.262710542e-02 +3.262710542e-02 +2.887626271e+02 +2.887626271e+02 -2.5418e+00 +3.6743e-01
3186 +1.509820760e-02 +1.509820760e-02 +2.887450982e+02 +2.887450982e+02 -2.5382e+00 +4.6737e-01
3804 +9.612538656e-03 +9.612538656e-03 +2.887396125e+02 +2.887396125e+02 -2.5018e+00 +4.4675e-01
3805 +5.956593324e-03 +5.956593324e-03 +2.887359566e+02 +2.887359566e+02 -2.4041e+00 +4.2527e-01
5810 +1.120854857e-03 +1.120854857e-03 +2.887311209e+02 +2.887311209e+02 -2.4264e+00 +5.3367e-01
6007 +2.519088395e-04 +2.519088395e-04 +2.887302519e+02 +2.887302519e+02 -2.4333e+00 +5.0942e-01
18528 +1.240188909e-04 +1.240188909e-04 +2.887301240e+02 +2.887301240e+02 -2.4094e+00 +5.0409e-01
21792 +4.654067595e-05 +4.654067595e-05 +2.887300465e+02 +2.887300465e+02 -2.4221e+00 +4.9431e-01
22164 +2.344434790e-06 +2.344434790e-06 +2.887300023e+02 +2.887300023e+02 -2.4185e+00 +5.0063e-01
92638 +6.957637879e-07 +6.957637879e-07 +2.887300007e+02 +2.887300007e+02 -2.4200e+00 +5.0163e-01
% function evaluation | noise-free fitness - Fopt (-3.046000000000e+01) | best noise-free fitness - Fopt | measured fitness | best measured fitness | x1 | x2...
1 +2.268960404e+02 +2.268960404e+02 +1.964360404e+02 +1.964360404e+02 +6.2966e+00 +1.5278e+01
9 +8.028690124e+01 +8.028690124e+01 +4.982690124e+01 +4.982690124e+01 +6.7735e+00 +8.4242e+00
131 +4.761554015e+01 +4.761554015e+01 +1.715554015e+01 +1.715554015e+01 +8.8974e+00 +6.1298e-01
1107 +3.967131372e+01 +3.967131372e+01 +9.211313721e+00 +9.211313721e+00 +8.2907e+00 +1.1697e+00
3040 +2.510143075e+01 +2.510143075e+01 -5.358569248e+00 -5.358569248e+00 +6.9800e+00 +1.3963e+00
3868 +1.567389896e+01 +1.567389896e+01 -1.478610104e+01 -1.478610104e+01 +5.9588e+00 +7.5126e-01
5262 +9.719765300e+00 +9.719765300e+00 -2.074023470e+01 -2.074023470e+01 +5.1006e+00 +5.0770e-01
5847 +5.959980589e+00 +5.959980589e+00 -2.450001941e+01 -2.450001941e+01 +4.4416e+00 +8.8879e-01
6075 +3.733315304e+00 +3.733315304e+00 -2.672668470e+01 -2.672668470e+01 +3.8770e+00 +1.3025e+00
7884 +2.450440621e+00 +2.450440621e+00 -2.800955938e+01 -2.800955938e+01 +3.5445e+00 +1.1003e+00
8669 +1.446445384e+00 +1.446445384e+00 -2.901355462e+01 -2.901355462e+01 +3.1865e+00 +1.0423e+00
8839 +8.623369362e-01 +8.623369362e-01 -2.959766306e+01 -2.959766306e+01 +2.8923e+00 +1.1009e+00
8841 +5.729313040e-01 +5.729313040e-01 -2.988706870e+01 -2.988706870e+01 +2.6961e+00 +1.1399e+00
9498 +3.816361513e-01 +3.816361513e-01 -3.007836385e+01 -3.007836385e+01 +2.6048e+00 +7.1105e-01
9677 +1.777362217e-01 +1.777362217e-01 -3.028226378e+01 -3.028226378e+01 +2.4050e+00 +9.6061e-01
9678 +1.034629817e-01 +1.034629817e-01 -3.035653702e+01 -3.035653702e+01 +2.3101e+00 +9.2910e-01
9679 +4.918974168e-02 +4.918974168e-02 -3.041081026e+01 -3.041081026e+01 +2.2152e+00 +8.9759e-01
9680 +1.491650168e-02 +1.491650168e-02 -3.044508350e+01 -3.044508350e+01 +2.1203e+00 +8.6608e-01
9681 +6.432616829e-04 +6.432616829e-04 -3.045935674e+01 -3.045935674e+01 +2.0254e+00 +8.3456e-01
10933 +1.827577703e-04 +1.827577703e-04 -3.045981724e+01 -3.045981724e+01 +1.9967e+00 +8.5368e-01
28752 +7.379836170e-05 +7.379836170e-05 -3.045992620e+01 -3.045992620e+01 +1.9987e+00 +8.3246e-01
28874 +1.746624571e-05 +1.746624571e-05 -3.045998253e+01 -3.045998253e+01 +2.0020e+00 +8.4481e-01
34206 +1.188031496e-05 +1.188031496e-05 -3.045998812e+01 -3.045998812e+01 +2.0037e+00 +8.4263e-01
38084 +1.295542333e-06 +1.295542333e-06 -3.045999870e+01 -3.045999870e+01 +2.0019e+00 +8.4048e-01
59545 +5.494918121e-07 +5.494918121e-07 -3.045999945e+01 -3.045999945e+01 +2.0009e+00 +8.4154e-01
121389 +3.050157815e-07 +3.050157815e-07 -3.045999969e+01 -3.045999969e+01 +2.0006e+00 +8.4027e-01
% function evaluation | noise-free fitness - Fopt (-1.184600000000e+02) | best noise-free fitness - Fopt | measured fitness | best measured fitness | x1 | x2...
1 +4.511598331e+02 +4.511598331e+02 +3.326998331e+02 +3.326998331e+02 +1.0824e+01 +1.6304e+01
9 +3.746464691e+02 +3.746464691e+02 +2.561864691e+02 +2.561864691e+02 +1.3105e+01 -1.9981e+01
11 +1.285206724e+02 +1.285206724e+02 +1.006067244e+01 +1.006067244e+01 +3.4486e+00 +7.8746e+00
25 +9.616755186e+01 +9.616755186e+01 -2.229244814e+01 -2.229244814e+01 -2.4343e+00 -1.1598e+01
31 +3.513360511e+01 +3.513360511e+01 -8.332639489e+01 -8.332639489e+01 +2.4367e+00 +2.4432e+00
173 +1.196690295e+01 +1.196690295e+01 -1.064930971e+02 -1.064930971e+02 +4.7544e+00 -4.5576e-01
542 +9.831763370e+00 +9.831763370e+00 -1.086282366e+02 -1.086282366e+02 +4.8402e+00 -8.9440e-01
732 +6.156665491e+00 +6.156665491e+00 -1.123033345e+02 -1.123033345e+02 +4.4735e+00 -1.4366e+00
961 +3.746406356e+00 +3.746406356e+00 -1.147135936e+02 -1.147135936e+02 +4.0166e+00 -1.7894e+00
1161 +2.314682801e+00 +2.314682801e+00 -1.161453172e+02 -1.161453172e+02 +3.5822e+00 -2.0369e+00
1352 +1.549698484e+00 +1.549698484e+00 -1.169103015e+02 -1.169103015e+02 +3.3822e+00 -2.2605e+00
1558 +9.554656297e-01 +9.554656297e-01 -1.175045344e+02 -1.175045344e+02 +3.2708e+00 -2.5072e+00
1561 +5.227356983e-01 +5.227356983e-01 -1.179372643e+02 -1.179372643e+02 +3.3367e+00 -2.7998e+00
1774 +3.696645418e-01 +3.696645418e-01 -1.180903355e+02 -1.180903355e+02 +3.2588e+00 -2.8913e+00
1976 +1.960407334e-01 +1.960407334e-01 -1.182639593e+02 -1.182639593e+02 +2.8590e+00 -3.0458e+00
1977 +1.524705982e-01 +1.524705982e-01 -1.183075294e+02 -1.183075294e+02 +2.8088e+00 -3.1323e+00
2587 +9.962416387e-02 +9.962416387e-02 -1.183603758e+02 -1.183603758e+02 +2.8300e+00 -3.6989e+00
3211 +4.420781041e-02 +4.420781041e-02 -1.184157922e+02 -1.184157922e+02 +2.9383e+00 -3.6438e+00
3212 +2.053407271e-02 +2.053407271e-02 -1.184394659e+02 -1.184394659e+02 +2.9191e+00 -3.5457e+00
3610 +7.826558440e-03 +7.826558440e-03 -1.184521734e+02 -1.184521734e+02 +2.9855e+00 -3.5311e+00
6627 +5.500275796e-03 +5.500275796e-03 -1.184544997e+02 -1.184544997e+02 +3.0822e+00 -3.5067e+00
6804 +6.676655683e-04 +6.676655683e-04 -1.184593323e+02 -1.184593323e+02 +3.0110e+00 -3.4365e+00
12838 +3.256601003e-05 +3.256601003e-05 -1.184599674e+02 -1.184599674e+02 +3.0284e+00 -3.4600e+00
28054 +1.788850560e-05 +1.788850560e-05 -1.184599821e+02 -1.184599821e+02 +3.0254e+00 -3.4550e+00
28893 +4.374025366e-06 +4.374025366e-06 -1.184599956e+02 -1.184599956e+02 +3.0292e+00 -3.4564e+00
29646 +3.177897540e-06 +3.177897540e-06 -1.184599968e+02 -1.184599968e+02 +3.0278e+00 -3.4546e+00
